3.008377
2.916217
2.918546
2.908989
2.904335
2.929949
2.918001
2.919956
2.909902
2.869992
3.008323
2.917160
2.918493
2.909981
2.904502
2.929679
2.917613
2.918876
2.909859
2.870953
2.896562
2.917212
2.917740
2.880855
2.902095
2.930431
2.916179
2.920023
2.909132
2.904748
3.009093
2.916682
2.917675
2.909237
2.904685
2.928254
2.917036
2.919683
2.909141
2.871076
2.895402
2.916387
2.915992
2.879699
2.901295
2.928567
2.916615
2.918114
2.910894
2.904504
3.007318
2.917539
2.918697
2.908439
2.904434
2.929391
2.917576
2.919564
2.910590
2.870213
2.895416
2.928559
2.917119
2.918633
2.906934
2.901947
2.894748
2.860969
2.923216
2.962954
2.914345
2.901590
2.877097
2.930091
2.898863
3.018936
2.916718
2.919097
2.908684
2.903884
2.928517
2.920349
2.928746
2.897824
2.927088
2.857081
2.887025
2.905856
2.901223
2.896594
2.890707
2.918885
2.909735
2.903902
2.928430
2.918173
2.919223
2.907377
2.902690
2.928417
