16.127464
15.981874
15.984098
15.993316
15.980335
15.988171
15.984325
15.980408
15.979824
15.972703
15.977100
15.999292
15.979804
15.972624
15.983227
15.982911
15.976789
15.990090
15.984174
15.977236
15.978102
15.977009
15.990842
15.992368
15.986703
15.978230
15.990194
15.989998
15.982913
15.984583
16.160118
16.034994
16.010839
16.019859
15.979774
16.009830
16.014887
15.981274
16.013695
15.985846
15.987329
15.983659
15.985247
15.995408
15.977061
16.005957
16.031361
16.001280
16.002302
16.010109
16.005033
16.008711
15.994663
16.010122
16.003477
16.007317
16.006863
15.987426
15.989443
15.970158
15.996605
15.996906
16.008623
15.976719
16.005043
15.980970
15.974080
16.099602
15.985345
15.990811
15.974548
15.988618
15.975540
15.985812
15.972931
15.974745
15.978468
15.975513
15.981554
15.979909
15.975560
15.979120
15.983863
15.997903
15.982555
15.984825
15.985270
15.989465
15.979633
15.979733
15.992093
15.987625
15.976283
15.974133
15.978930
15.977385
15.973289
15.983646
15.977457
15.993512
