9.456979
9.470893
9.490191
9.584352
9.512501
9.534513
9.892857
9.591033
9.472982
9.489095
9.512576
9.473890
9.490482
9.582972
9.511562
9.536906
9.668922
9.458672
9.474715
9.492085
9.459731
9.472401
9.491161
9.582791
9.511395
9.537252
9.661083
10.171298
10.209725
9.539444
9.459116
9.472609
9.490078
9.583218
9.512148
9.536063
9.460968
9.472265
9.489355
9.585807
9.457515
9.472103
9.490561
9.584938
9.512003
9.461940
9.473853
9.490452
9.583017
9.511442
9.462445
9.886402
9.479748
9.402261
9.591070
9.607567
9.687340
9.743359
9.570457
9.487174
9.491291
9.586037
9.513027
9.533535
9.541291
9.476155
9.884589
9.839421
9.969484
9.890596
9.599407
9.467519
9.478316
9.490480
9.582419
9.510415
9.534929
9.491337
9.471074
9.889706
9.840586
9.971482
9.491282
9.458854
9.472667
9.490239
9.585768
9.511980
9.534358
9.462081
9.887776
9.480746
9.400591
9.590039
9.937267
9.462998
9.472619
9.489149
9.584793
9.512612
