77.799507
75.688744
75.652061
75.722626
75.938721
75.857933
75.839035
75.852936
75.850288
75.930862
75.897278
75.921402
75.888191
75.865395
75.878838
75.923058
75.903671
75.904327
75.872688
75.976028
75.868568
75.892349
75.901428
75.897118
75.906029
75.888100
75.895195
75.905884
75.902458
76.559952
75.995399
76.609535
75.934181
75.886932
75.881615
75.907150
75.883110
75.893456
75.873680
75.880737
75.908989
76.065102
77.184464
76.049866
75.888939
75.886871
75.886902
75.891228
75.891655
75.891129
75.883057
75.897491
75.924774
75.906219
75.902885
75.919571
75.901367
75.873062
75.891212
75.949234
75.910339
75.890800
75.920593
75.904053
75.959930
75.891174
75.932747
75.942146
75.934235
75.884949
75.884979
75.880325
75.879875
75.882332
76.012703
75.935669
75.902763
75.890038
75.871780
75.904251
75.890663
75.889275
75.916229
75.936005
75.903847
75.924248
75.939262
75.924438
75.928360
75.919579
75.920441
75.892220
75.888283
75.889923
75.878967
75.904335
75.888809
75.873047
75.895790
75.930580
