0.795439
0.717232
0.720174
0.723066
0.718570
0.715066
0.716857
0.719835
0.722560
0.718851
0.792987
0.717320
0.719817
0.723370
0.718303
0.714467
0.717279
0.720039
0.722906
0.717940
0.714301
0.717569
0.719758
0.722825
0.718835
1.126322
1.130490
1.137326
1.143858
1.146599
0.794253
0.717397
0.719296
0.722828
0.718241
0.714547
0.717618
0.719862
0.723324
0.718596
0.792962
0.717666
0.719858
0.723097
0.717994
0.714634
0.717070
0.719535
0.723115
0.718418
0.793549
0.717283
0.720207
0.722790
0.718585
0.714760
0.717117
0.719844
0.722342
0.718295
0.714635
0.717094
0.719575
0.723172
0.718752
1.125892
1.130402
1.136168
1.143138
1.146399
1.125437
1.131658
1.137396
1.142810
1.145184
1.126645
1.131404
1.136428
1.143618
1.146690
0.714734
0.716695
0.719835
0.722781
0.718202
0.714590
0.717375
0.719723
0.723254
0.718109
0.714552
0.716542
0.719920
0.722977
0.718609
1.125190
1.131811
1.135950
1.143677
1.145053
