3.158583
3.055211
3.056643
3.052482
3.061256
3.056432
3.063882
3.054454
3.057816
3.053549
3.055123
3.053100
3.054688
3.053396
3.063722
3.054981
3.055698
3.054362
3.055740
3.055804
3.056186
3.056118
3.056215
3.056399
3.057393
3.056642
3.058497
3.057383
3.055938
3.055076
3.054577
3.057430
3.056709
3.060800
3.051612
3.057001
3.056504
3.058413
3.062995
3.057180
3.054038
3.065969
3.054246
3.054510
3.051701
3.059330
3.056983
3.055503
3.058719
3.067241
3.056095
3.060353
3.057357
3.057275
3.058385
3.056183
3.056967
3.054583
3.053016
3.054554
3.055695
3.061262
3.055221
3.056553
3.053124
3.055499
3.056063
3.060614
3.056899
3.059214
3.056912
3.064396
3.056204
3.055469
3.055583
3.055169
3.058117
3.056137
3.056022
3.057153
3.057036
3.055837
3.059890
3.054696
3.055771
3.054148
3.054814
3.053369
3.059396
3.055607
3.055550
3.054064
3.056850
3.054274
3.056762
3.058436
3.059665
3.054204
3.057919
3.053242
